*parameter
density = 0.0005
K = 1000.0
C10 = 1.0
C01 = 1.0
PHI = 1.0
L = 1.9383252171317364
R0F = 1.6433566348551758
R0C = 0.011022008712045056
ETA = 0.5197695917223313
MU0 = 33046.98145116001
BETA = 0.5
LP = 16.978308681952875
LAMBDA0 = 1.0
NA = 7.66
BDISP = 0.001
